7918
24798
26010
22894
4804
6013
27030
15155
29840
27656
20581
25265
20115
16333
13807
31939
22665
28835
12675
28943
4820
6010
27161
13624
7382
5430
16346
24662
19103
25022
12002
4771
15816
20815
20292
1398
1438
17431
5710
22390
2692
29695
15631
26887
18578
21704
28695
23817
7554
14937
11390
4546
11725
14679
28200
9752
9489
30199
4934
24324
21942
21776
6432
323
31697
17269
5651
29519
10056
1921
5333
15245
4408
20723
13569
11976
24723
31484
13519
25310
8718
13463
18466
14777
30522
793
24777
6273
16624
21257
19454
7952
18675
2865
18739
29607
11985
22005
32271
30431
7178
5348
27571
29666
884
12941
18753
8410
28638
18068
26527
938
9716
16389
632
3805
7523
2535
8836
2779
5437
24085
29962
8035
18334
14921
15523
4405
144
11130
16192
2063
7212
25448
21870
28891
12290
19573
32473
20519
25531
4022
8207
6357
15613
16714
19847
23316
25231
9962
18402
24463
6846
19650
3440
740
2303
23679
9462
25943
28373
27306
1455
17096
29685
11828
16528
1762
14761
22098
20176
29078
15730
29323
10664
24519
20209
8462
3928
3143
7431
30538
6506
23811
7740
22713
2106
4218
22621
12284
26550
24436
19305
15917
29027
26352
943
29809
20385
28254
5936
3020
9775
24078
4682
20282
1009
31209
6040
19451
8689
13407
14100
23598
5029
11680
16510
16289
19568
13071
5378
14056
7786
21235
15381
21676
5732
22640
16288
31046
22823
17335
4960
11404
26109
4729
2956
18923
25203
27809
9913
12983
21340
2370
12028
31422
26393
24526
30286
17187
13592
31114
12852
14186
5787
30526
15007
24783
31931
7985
12304
17372
26540
1876
19713
31802
25410
12222
26241
19144
11444
8536
24606
18922
26017
25818
5895
15396
30800
26102
2162
10471
4412
5842
14140
15274
20944
26556
5327
6461
8303
26394
29001
8026
14775
7583
14043
17022
26375
31429
29806
32246
32318
25975
31629
2621
3782
17677
5503
19845
24530
5758
5043
14996
9187
25041
16226
4561
1425
9173
27759
14495
29064
18
13202
6889
16849
20223
6069
19198
11859
23670
6814
21408
9881
27236
1231
28759
30933
19397
25770
8204
27173
11216
2265
17874
9238
21870
31213
19463
7015
3825
14149
32156
21519
24067
15154
2481
9856
18396
2648
25957
27182
25017
21080
32748
10571
17801
23468
31970
16853
16105
21202
26846
6099
17490
11436
7243
15580
4241
10791
16499
12504
28792
16155
10973
8203
6356
24690
729
16975
6303
32141
25945
16288
15222
10467
31490
15838
28749
13291
13443
31695
2145
16957
8486
7524
25198
6132
5028
3389
22050
10070
2366
5998
29650
8631
1801
8580
27757
3994
24970
9155
13742
13338
8834
18354
16021
16264
267
20442
18455
5462
8164
11466
13845
10547
1546
25438
27787
14200
1416
10305
3338
23747
1167
21681
10344
20705
23753
6274
14518
18674
17643
3430
30578
17607
30858
3947
25598
19343
4655
32453
3665
23475
19373
20174
31213
4606
6322
1611
11536
19457
20381
5361
16431
18870
21647
8744
416
4707
31429
14606
407
8385
4133
30143
6739
6750
18198
6100
18585
5696
29333
7721
26722
14027
18566
20452
10705
6885
7751
22194
21095
27223
21387
20052
7802
374
24422
27995
22243
4
13220
11055
28408
16209
27231
1878
16058
29605
29137
22003
11599
31970
10854
13709
24498
10854
11029
4626
16297
30255
8177
22812
28407
31554
30459
17266
31443
11085
20283
22482
25498
1931
24079
2798
19649
24808
16066
8372
26893
25446
24672
13010
30470
28863
1481
122
25001
3660
3077
27490
22877
27173
27351
17936
31016
15242
9109
22356
19491
641
4662
14102
18219
27329
21677
26705
2778
21967
15478
21600
437
20583
32366
2937
11943
30493
5351
28279
16303
3652
2044
9692
14549
20751
4130
2582
19298
15350
18176
24833
11600
22107
23169
5294
1280
16238
30247
18275
15659
590
22178
26850
21787
30065
15265
12526
283
10565
11240
8972
12076
10775
16290
32647
17401
6453
25849
17846
9229
24911
21221
11137
23876
2595
7745
11810
1151
28506
9508
8233
7068
24236
17518
22723
5030
24907
2977
26683
16200
13439
25331
30145
18824
13709
22433
10859
1202
17630
645
19833
9617
25693
15595
30173
16101
5409
6049
29947
4370
14412
18509
24237
534
30515
259
21130
20925
30399
26135
27240
24088
23059
5680
29215
3115
22638
30878
19600
10470
27219
17902
10726
22103
20968
32443
29468
22813
669
17607
3776
23072
11277
19018
25334
28799
27689
19337
14527
1994
27795
18091
25723
30322
28488
26056
22445
22653
3714
20292
32767
638
13277
20571
6022
8389
2744
5628
19014
22227
29150
26587
21753
29457
12390
6594
268
2753
29143
10023
8683
4660
19856
11524
30590
17725
23911
13795
6643
29671
10129
3128
21183
1891
24514
1780
1759
21316
17300
1111
5732
1775
5677
1798
21806
21324
32540
10589
248
6338
20613
23302
22677
12643
30846
7371
14456
11107
8632
11944
24698
1999
18274
25637
18136
20859
16458
4835
7291
8253
1350
20340
26237
23640
14034
27759
20712
22075
9722
28612
7873
1644
25723
29262
23365
2495
8229
7591
12402
11723
19843
15424
1737
8606
26046
4017
21075
7856
15295
24909
12514
7702
11412
250
15769
28152
12053
9792
15790
15173
1735
26527
2671
25509
7680
15398
23683
9136
19276
15169
23667
30045
1552
3795
7273
12989
20077
19332
24375
20713
19559
9053
20634
18233
27207
9874
4800
30390
28221
1694
17673
9682
22346
3989
26635
25687
349
19382
17112
27550
21693
1344
11651
20225
1190
6792
25824
4242
8503
22599
19340
28174
140
20024
15405
31244
17191
20963
20731
21882
30612
9139
17536
7498
8524
27215
20379
24681
9947
30759
10443
12785
27454
3917
2218
11167
5775
6023
22456
29831
20964
31394
26970
8198
31348
6921
26659
30969
4091
6294
22353
3372
25184
22439
19867
3350
17045
32373
19754
21443
15040
23713
23781
11025
4504
28944
18161
8223
7441
505
8312
31747
10299
31548
32426
13499
28775
1782
32002
27238
32141
5202
30923
17589
23018
16546
9698
17564
27885
22190
24765
24141
32084
22603
25004
28518
7827
17968
13663
25961
3445
6662
7849
10350
16389
9918
17795
7700
11439
21287
22356
22717
3235
25280
31856
18171
7546
16587
18142
30533
9756
418
32350
17391
17121
3662
28074
31577
